# Load the built-in dataset airquality
data("airquality")

# Check if airquality is a data frame
if (is.data.frame(airquality)) {
  print("airquality is a data frame.")
} else {
  print("airquality is not a data frame.")
}

# Order the data frame by the first and second column
ordered_airquality <- airquality[order(airquality$Month, airquality$Day), ]

# Remove variables 'Solar.R' and 'Wind'
cleaned_airquality <- ordered_airquality[, !(names(ordered_airquality) %in% c('Solar.R', 'Wind'))]

# Display the cleaned data frame
print("Cleaned data frame:")
print(cleaned_airquality)








output
[1] "Cleaned data frame:"
> print(cleaned_airquality)
    Ozone Temp Month Day
1      41   67     5   1
2      36   72     5   2
3      12   74     5   3
4      18   62     5   4
5      NA   56     5   5
6      28   66     5   6
7      23   65     5   7
8      19   59     5   8
9       8   61     5   9
10     NA   69     5  10
11      7   74     5  11
12     16   69     5  12
13     11   66     5  13
14     14   68     5  14
15     18   58     5  15
16     14   64     5  16
17     34   66     5  17
18      6   57     5  18
19     30   68     5  19
20     11   62     5  20
21      1   59     5  21
22     11   73     5  22
23      4   61     5  23
24     32   61     5  24
25     NA   57     5  25
26     NA   58     5  26
27     NA   57     5  27
28     23   67     5  28
29     45   81     5  29
30    115   79     5  30
31     37   76     5  31
32     NA   78     6   1
33     NA   74     6   2
34     NA   67     6   3
35     NA   84     6   4
36     NA   85     6   5
37     NA   79     6   6
38     29   82     6   7
39     NA   87     6   8
40     71   90     6   9
41     39   87     6  10
42     NA   93     6  11
43     NA   92     6  12
44     23   82     6  13
45     NA   80     6  14
46     NA   79     6  15
47     21   77     6  16
48     37   72     6  17
49     20   65     6  18
50     12   73     6  19
51     13   76     6  20
52     NA   77     6  21
53     NA   76     6  22
54     NA   76     6  23
55     NA   76     6  24
56     NA   75     6  25
57     NA   78     6  26
58     NA   73     6  27
59     NA   80     6  28
60     NA   77     6  29
61     NA   83     6  30
62    135   84     7   1
63     49   85     7   2
64     32   81     7   3
65     NA   84     7   4
66     64   83     7   5
67     40   83     7   6
68     77   88     7   7
69     97   92     7   8
70     97   92     7   9
71     85   89     7  10
72     NA   82     7  11
73     10   73     7  12
74     27   81     7  13
75     NA   91     7  14
76      7   80     7  15
77     48   81     7  16
78     35   82     7  17
79     61   84     7  18
80     79   87     7  19
81     63   85     7  20
82     16   74     7  21
83     NA   81     7  22
84     NA   82     7  23
85     80   86     7  24
86    108   85     7  25
87     20   82     7  26
88     52   86     7  27
89     82   88     7  28
90     50   86     7  29
91     64   83     7  30
92     59   81     7  31
93     39   81     8   1
94      9   81     8   2
95     16   82     8   3
96     78   86     8   4
97     35   85     8   5
98     66   87     8   6
99    122   89     8   7
100    89   90     8   8
101   110   90     8   9
102    NA   92     8  10
103    NA   86     8  11
104    44   86     8  12
105    28   82     8  13
106    65   80     8  14
107    NA   79     8  15
108    22   77     8  16
109    59   79     8  17
110    23   76     8  18
111    31   78     8  19
112    44   78     8  20
113    21   77     8  21
114     9   72     8  22
115    NA   75     8  23
116    45   79     8  24
117   168   81     8  25
118    73   86     8  26
119    NA   88     8  27
120    76   97     8  28
121   118   94     8  29
122    84   96     8  30
123    85   94     8  31
124    96   91     9   1
125    78   92     9   2
126    73   93     9   3
127    91   93     9   4
128    47   87     9   5
129    32   84     9   6
130    20   80     9   7
131    23   78     9   8
132    21   75     9   9
133    24   73     9  10
134    44   81     9  11
135    21   76     9  12
136    28   77     9  13
137     9   71     9  14
138    13   71     9  15
139    46   78     9  16
140    18   67     9  17
141    13   76     9  18
142    24   68     9  19
143    16   82     9  20
144    13   64     9  21
145    23   71     9  22
146    36   81     9  23
147     7   69     9  24
148    14   63     9  25
149    30   70     9  26
150    NA   77     9  27
151    14   75     9  28
152    18   76     9  29
153    20   68     9  30
